[1] 85
[1] 7596
[1] 72.25
[1] 7525
[1] 61.413
[1] 7502
[1] 52.201
[1] 7476
[1] 44.371
[1] 7430
[1] 37.715
[1] 7405
[1] 32.058
[1] 7573
[1] 27.249
[1] 7375
[1] 23.162
[1] 7448
[1] 19.687
[1] 7407
[1] 16.734
[1] 7136
[1] 14.224
[1] 7123
[1] 12.091
[1] 7058
[1] 10.277
[1] 7013
[1] 8.735
[1] 6865
[1] 7.425
[1] 6921
[1] 6.311
[1] 6916
[1] 5.365
[1] 6776
[1] 4.56
[1] 6696
[1] 3.876
[1] 6692
[1] 3.295
[1] 6653
[1] 2.8
[1] 6584
[1] 2.38
[1] 6588
[1] 2.023
[1] 6589
[1] 1.72
[1] 6560
[1] 1.462
[1] 6520
[1] 1.243
[1] 6518
[1] 1.056
[1] 6518
[1] 0.898
[1] 6518
[1] 0.763
[1] 6518
[1] 0.649
[1] 6518
[1] 0.551
[1] 6518
[1] 0.469
[1] 6518
[1] 0.398
[1] 6519
[1] 0.339
[1] 6518
[1] 0.288
[1] 6518
[1] 0.245
[1] 6518
[1] 0.208
[1] 6518
[1] 0.177
[1] 6518
[1] 0.15
[1] 6518
[1] 0.128
[1] 6518
[1] 0.109
[1] 6518
[1] 0.092
[1] 6518
[1] 0.078
[1] 6518
[1] 0.067
[1] 6518
[1] 0.057
[1] 6518
[1] 0.048
[1] 6518
[1] 0.041
[1] 6518
[1] 0.035
[1] 6518
[1] 0.03
[1] 6518
[1] 0.025
[1] 6518
[1] 0.021
[1] 6518
[1] 0.018
[1] 6518
[1] 0.015
[1] 6518
[1] 0.013
[1] 6518
[1] 0.011
[1] 6518
[1] 0.009
[1] 6518
> KolejnoscZadan <- data.frame(R0)
> KolejnoscZadan
     R0
1    10
2    51
3    98
4    33
5    64
6    32
7    97
8    50
9    11
10   28
11   62
12   25
13   85
14   12
15   76
16   90
17   66
18   72
19   71
20   23
21   95
22   87
23   14
24   70
25   16
26   17
27   65
28   20
29   56
30   52
31   29
32    1
33   26
34   74
35   39
36   40
37   69
38   99
39   45
40    8
41   41
42   18
43   21
44   37
45   57
46   22
47   68
48   15
49   93
50   82
51   96
52  100
53    3
54   55
55   88
56   38
57   94
58    2
59   58
60   13
61   43
62   59
63   80
64   89
65   86
66   31
67    9
68   49
69    4
70   46
71   27
72   47
73   61
74   30
75   79
76   78
77   73
78    5
79   53
80   91
81   84
82   48
83   81
84   60
85   44
86   35
87   92
88   75
89    6
90   83
91   19
92   24
93   42
94   36
95   54
96   67
97    7
98   34
99   77
100  63