[1] 85
[1] 13435
[1] 72.25
[1] 13246
[1] 61.413
[1] 13328
[1] 52.201
[1] 13144
[1] 44.371
[1] 13120
[1] 37.715
[1] 13206
[1] 32.058
[1] 13016
[1] 27.249
[1] 13040
[1] 23.162
[1] 13137
[1] 19.687
[1] 12849
[1] 16.734
[1] 12794
[1] 14.224
[1] 12718
[1] 12.091
[1] 12492
[1] 10.277
[1] 12513
[1] 8.735
[1] 12438
[1] 7.425
[1] 12287
[1] 6.311
[1] 12229
[1] 5.365
[1] 12137
[1] 4.56
[1] 12043
[1] 3.876
[1] 11967
[1] 3.295
[1] 11929
[1] 2.8
[1] 11857
[1] 2.38
[1] 11861
[1] 2.023
[1] 11834
[1] 1.72
[1] 11801
[1] 1.462
[1] 11785
[1] 1.243
[1] 11792
[1] 1.056
[1] 11782
[1] 0.898
[1] 11779
[1] 0.763
[1] 11779
[1] 0.649
[1] 11768
[1] 0.551
[1] 11768
[1] 0.469
[1] 11768
[1] 0.398
[1] 11768
[1] 0.339
[1] 11755
[1] 0.288
[1] 11742
[1] 0.245
[1] 11738
[1] 0.208
[1] 11737
[1] 0.177
[1] 11737
[1] 0.15
[1] 11737
[1] 0.128
[1] 11729
[1] 0.109
[1] 11707
[1] 0.092
[1] 11705
[1] 0.078
[1] 11705
[1] 0.067
[1] 11683
[1] 0.057
[1] 11682
[1] 0.048
[1] 11681
[1] 0.041
[1] 11678
[1] 0.035
[1] 11678
[1] 0.03
[1] 11671
[1] 0.025
[1] 11670
[1] 0.021
[1] 11670
[1] 0.018
[1] 11670
[1] 0.015
[1] 11670
[1] 0.013
[1] 11670
[1] 0.011
[1] 11670
[1] 0.009
[1] 11670
> KolejnoscZadan <- data.frame(R0)
> fix(KolejnoscZadan)
> KolejnoscZadan
     R0
1   162
2    14
3    30
4   196
5   102
6   127
7    12
8    20
9    19
10  195
11   25
12  132
13   37
14  170
15  171
16   99
17  159
18  169
19  125
20  117
21  161
22  153
23   66
24   72
25   18
26  160
27   15
28  110
29   53
30  168
31   97
32  112
33  145
34   96
35    8
36  133
37  116
38  188
39    7
40   67
41   46
42  123
43   86
44   50
45  178
46   41
47  121
48   42
49  140
50  107
51   48
52   88
53   54
54    3
55  184
56  126
57  115
58   47
59  103
60  176
61  142
62   94
63  104
64  109
65   44
66   76
67  167
68   51
69  192
70   73
71   80
72  129
73   70
74   79
75  177
76  174
77    1
78   45
79   78
80  120
81   34
82   39
83  106
84   21
85    2
86   62
87   55
88  197
89  130
90   31
91  113
92  183
93  150
94   89
95  173
96   24
97  124
98   36
99  119
100  35
101  81
102 190
103   9
104  23
105  92
106 146
107 200
108 156
109 179
110  32
111  74
112 136
113  52
114 139
115  84
116   5
117  16
118 157
119  58
120 148
121 187
122 151
123 128
124 155
125 114
126  38
127 163
128 175
129 105
130  49
131  57
132  91
133  87
134  56
135 186
136  83
137 193
138  90
139  63
140 164
141 143
142  68
143  64
144 185
145 182
146  11
147 189
148 199
149 165
150 152
151 131
152 122
153  33
154  95
155 101
156 191
157  61
158   4
159  60
160  13
161 158
162 135
163 138
164 108
165  85
166 134
167  77
168  93
169  29
170  40
171  43
172  17
173 166
174 144
175  71
176  22
177 180
178 194
179 154
180  75
181 172
182  69
183  10
184  82
185 181
186 198
187 111
188 141
189  98
190 149
191  27
192 118
193 137
194  26
195  65
196  28
197 100
198 147
199  59
200   6