[1] 85
[1] 3766
[1] 72.25
[1] 3512
[1] 61.413
[1] 3549
[1] 52.201
[1] 3531
[1] 44.371
[1] 3580
[1] 37.715
[1] 3458
[1] 32.058
[1] 3436
[1] 27.249
[1] 3450
[1] 23.162
[1] 3337
[1] 19.687
[1] 3268
[1] 16.734
[1] 3272
[1] 14.224
[1] 3126
[1] 12.091
[1] 3179
[1] 10.277
[1] 3207
[1] 8.735
[1] 3235
[1] 7.425
[1] 3221
[1] 6.311
[1] 3143
[1] 5.365
[1] 3128
[1] 4.56
[1] 3030
[1] 3.876
[1] 3059
[1] 3.295
[1] 3000
[1] 2.8
[1] 2951
[1] 2.38
[1] 2949
[1] 2.023
[1] 2922
[1] 1.72
[1] 2898
[1] 1.462
[1] 2888
[1] 1.243
[1] 2886
[1] 1.056
[1] 2885
[1] 0.898
[1] 2882
[1] 0.763
[1] 2884
[1] 0.649
[1] 2881
[1] 0.551
[1] 2881
[1] 0.469
[1] 2881
[1] 0.398
[1] 2881
[1] 0.339
[1] 2881
[1] 0.288
[1] 2881
[1] 0.245
[1] 2881
[1] 0.208
[1] 2881
[1] 0.177
[1] 2881
[1] 0.15
[1] 2881
[1] 0.128
[1] 2881
[1] 0.109
[1] 2881
[1] 0.092
[1] 2881
[1] 0.078
[1] 2881
[1] 0.067
[1] 2881
[1] 0.057
[1] 2881
[1] 0.048
[1] 2881
[1] 0.041
[1] 2881
[1] 0.035
[1] 2881
[1] 0.03
[1] 2881
[1] 0.025
[1] 2881
[1] 0.021
[1] 2881
[1] 0.018
[1] 2881
[1] 0.015
[1] 2881
[1] 0.013
[1] 2881
[1] 0.011
[1] 2881
[1] 0.009
[1] 2881
> KolejnoscZadan <- data.frame(R0)
> KolejnoscZadan
   R0
1  24
2   4
3  10
4  28
5  25
6  45
7  46
8  33
9  27
10  9
11 47
12  2
13  5
14 32
15 40
16  1
17 14
18 50
19 42
20 38
21 11
22 20
23  3
24 35
25 39
26 37
27 31
28 43
29 18
30 29
31 13
32 19
33 16
34 49
35 41
36 30
37 44
38 48
39 12
40 34
41 17
42  7
43 26
44 23
45 15
46  6
47 36
48 21
49  8
50 22